9 0.144235 0.799617 0.031276 0.032517
9 0.143583 0.836779 0.027367 0.027871
9 0.143583 0.872198 0.027367 0.029033
9 0.143257 0.909941 0.029321 0.027871
9 0.143909 0.946522 0.028018 0.029033
3 0.177466 0.360063 0.015638 0.024387
6 0.176162 0.176576 0.013032 0.029033
6 0.176162 0.211996 0.013032 0.027871
6 0.176814 0.250319 0.013032 0.027871
6 0.178117 0.286900 0.013032 0.031355
6 0.177466 0.396063 0.013032 0.029033
6 0.176814 0.433225 0.010425 0.029033
6 0.176488 0.469225 0.012380 0.026710
6 0.177140 0.653292 0.011077 0.030194
6 0.177140 0.726455 0.011077 0.027871