6 0.175991 0.164091 0.012424 0.029008
6 0.176645 0.203541 0.011116 0.029008
6 0.176645 0.245312 0.009809 0.026687
6 0.176645 0.285923 0.011116 0.031328
6 0.176318 0.328274 0.011770 0.027847
6 0.176645 0.365984 0.012424 0.029008
6 0.175991 0.531908 0.011116 0.029008
6 0.177299 0.571939 0.012424 0.030168
6 0.177299 0.614290 0.012424 0.029008
6 0.176318 0.654901 0.011770 0.029008
6 0.177299 0.695512 0.012424 0.029008
6 0.176318 0.737283 0.011770 0.031328
6 0.175664 0.776153 0.011770 0.027847
6 0.176645 0.819665 0.013732 0.029008
6 0.176318 0.861436 0.010462 0.026687
6 0.177299 0.902047 0.012424 0.029008
3 0.177953 0.410076 0.012424 0.029008