6 0.177269 0.164671 0.013761 0.027847
6 0.176942 0.205282 0.011795 0.025527
6 0.177269 0.248213 0.013761 0.027847
6 0.176614 0.287664 0.009829 0.025527
6 0.176286 0.330015 0.013106 0.029008
6 0.177269 0.371786 0.011140 0.029008
6 0.176942 0.412397 0.010485 0.029008
6 0.176286 0.451267 0.013106 0.025527
6 0.176614 0.491878 0.011140 0.023206
6 0.176942 0.534809 0.010485 0.027847
6 0.176614 0.574840 0.009829 0.024366
6 0.176942 0.616031 0.010485 0.025527
6 0.176614 0.656642 0.011140 0.027847
6 0.176286 0.698413 0.011795 0.027847
6 0.176614 0.739023 0.011140 0.030168
6 0.176942 0.780795 0.010485 0.027847