6 0.176814 0.158576 0.011729 0.025549
6 0.176488 0.199222 0.009774 0.027871
6 0.177140 0.241610 0.011077 0.026710
6 0.175837 0.281094 0.012380 0.024387
6 0.177140 0.322901 0.011077 0.026710
6 0.177466 0.364127 0.011729 0.027871
6 0.177140 0.405934 0.011077 0.025549
6 0.176814 0.447741 0.010425 0.027871
6 0.176488 0.488387 0.011077 0.025549
6 0.176488 0.530194 0.011077 0.025549
6 0.177140 0.572582 0.009774 0.026710
6 0.176488 0.612647 0.011077 0.025549
6 0.176488 0.654454 0.012380 0.025549
6 0.177140 0.695680 0.012380 0.026710
6 0.176162 0.738068 0.011729 0.027871
6 0.176162 0.778133 0.011729 0.026710
6 0.176814 0.818778 0.013032 0.026710
6 0.175837 0.861166 0.012380 0.027871
6 0.177140 0.902973 0.012380 0.027871
6 0.176814 0.944780 0.010425 0.030194