6 0.177626 0.162930 0.011770 0.029008
6 0.177299 0.202381 0.011116 0.024366
6 0.176318 0.244732 0.010462 0.025527
6 0.175991 0.282442 0.011116 0.026687
6 0.176645 0.325374 0.009809 0.024366
6 0.176972 0.366565 0.011770 0.027847
6 0.176645 0.407755 0.011116 0.029008
6 0.176645 0.449527 0.012424 0.029008
6 0.175991 0.489557 0.011116 0.030168
6 0.176318 0.530748 0.011770 0.026687
6 0.176318 0.859115 0.011770 0.029008
6 0.176645 0.899146 0.012424 0.027847
2 0.175991 0.571359 0.009809 0.026687
9 0.147874 0.940337 0.025502 0.026687