6 0.176645 0.162930 0.011116 0.026687
6 0.175991 0.204121 0.012424 0.027847
6 0.176318 0.243572 0.013078 0.027847
6 0.176645 0.284183 0.012424 0.027847
6 0.176972 0.326534 0.011770 0.026687
6 0.176318 0.368305 0.013078 0.026687
6 0.176318 0.408916 0.013078 0.029008
6 0.176318 0.449527 0.011770 0.029008
6 0.176972 0.490137 0.013078 0.029008
6 0.176318 0.530748 0.013078 0.026687
6 0.175991 0.574260 0.013732 0.027847
6 0.176318 0.613130 0.013078 0.031328
6 0.176318 0.654321 0.011770 0.027847
6 0.176645 0.694932 0.012424 0.027847
6 0.176645 0.737863 0.012424 0.027847
6 0.176645 0.776153 0.012424 0.030168