6 0.176713 0.182656 0.011804 0.024366
6 0.177369 0.220366 0.011804 0.025527
6 0.177041 0.256335 0.011148 0.027847
6 0.177041 0.292305 0.012459 0.025527
3 0.178024 0.363084 0.013115 0.023206
6 0.178024 0.400794 0.013115 0.026687
6 0.177041 0.437343 0.011148 0.023206
6 0.178352 0.725100 0.012459 0.025527
6 0.177369 0.654901 0.011804 0.024366
6 0.177041 0.472153 0.013771 0.025527
9 0.143925 0.799360 0.030165 0.030168
9 0.145237 0.837070 0.027542 0.026687
9 0.145892 0.873039 0.028853 0.029008
9 0.145892 0.907848 0.028853 0.029008
9 0.144581 0.943818 0.027542 0.029008